24
0.000000 1.000000 -0.372923
0.785398 0.707107 -0.636620
1.570796 0.000000 -0.900316
2.356194 -0.707107 -0.636620
3.141593 -1.000000 -0.000000
3.926991 -0.707107 0.636620
4.712389 -0.000000 0.900316
5.497787 0.707107 0.636620
6.283185 1.000000 0.000000
7.068583 0.707107 -0.636620
7.853982 0.000000 -0.900316
8.639380 -0.707107 -0.636620
9.424778 -1.000000 -0.000000
10.210176 -0.707107 0.636620
10.995574 -0.000000 0.900316
11.780972 0.707107 0.636620
12.566371 1.000000 0.000000
13.351769 0.707107 -0.636620
14.137167 0.000000 -0.900316
14.922565 -0.707107 -0.636620
15.707963 -1.000000 -0.000000
16.493361 -0.707107 0.636620
17.278760 -0.000000 0.900316
18.064158 0.707107 0.900316
