24
0.000000 0.000000 0.900316
0.785398 0.707107 0.636620
1.570796 1.000000 0.000000
2.356194 0.707107 -0.636620
3.141593 0.000000 -0.900316
3.926991 -0.707107 -0.636620
4.712389 -1.000000 -0.000000
5.497787 -0.707107 0.636620
6.283185 -0.000000 0.900316
7.068583 0.707107 0.636620
7.853982 1.000000 0.000000
8.639380 0.707107 -0.636620
9.424778 0.000000 -0.900316
10.210176 -0.707107 -0.636620
10.995574 -1.000000 -0.000000
11.780972 -0.707107 0.636620
12.566371 -0.000000 0.900316
13.351769 0.707107 0.636620
14.137167 1.000000 0.000000
14.922565 0.707107 -0.636620
15.707963 0.000000 -0.900316
16.493361 -0.707107 -0.636620
17.278760 -1.000000 -0.000000
18.064158 -0.707107 0.372923
